function [t,x1,x2] = DataPoints()
t = [7.143 14.286 21.429 28.571 35.714 42.857 50 57.143 64.286 71.429 78.571 85.714 92.857 100];
x1 = [0.374 0.249 0.183 0.145 0.12 0.103 0.089 0.078 0.068 0.06 0.053 0.047 0.041 0.037];
x2 = [0.113 0.151 0.157 0.15 0.137 0.124 0.11 0.098 0.087 0.077 0.068 0.06 0.053 0.047];
end